57.6415144 11.9417332
57.8153111 12.188968
57.6506393 11.8992559
57.6730326 11.9353095
57.6728473 11.9365364
57.6497618 11.9207436
57.7358014 11.7952661
57.735308 11.7942198
57.7336144 11.7908198
57.7089051 11.7637438
57.6743 11.8825814
57.6841681 11.9055218
57.7041849 12.005827
57.6360137 11.8809977
57.6793242 11.9726597
57.6790597 11.9750028
57.7178463 12.0330707
57.6556898 11.8777436
57.6828014 12.0087121
57.6809885 12.012348
57.6799962 12.0144589
57.6798415 12.014957
57.6438429 11.9396691
57.6372413 11.9455923
57.6101484 11.9450573
57.5935597 11.9496803
57.843065 11.9427569
57.8276332 11.9134549
57.83743 11.9262492
57.8378241 11.926716
57.7113692 11.7810626
57.6935427 11.9404493
57.7144023 11.9276702
57.7382366 11.9558641
57.7445562 11.9523016
57.7274041 11.9641069
57.7187572 11.9642552
57.7204207 11.9461775
57.7044854 11.8811291
57.6965017 11.9513604
57.718351 12.0202295
57.7543073 12.0493377
57.8034863 12.0529018
57.7547568 12.055849
57.694231 11.9193442
57.6914334 11.9150447
57.6811121 11.9840083
57.6815599 11.9843104
57.6889817 11.9685988
57.6931011 11.9870701
57.6966515 11.9862814
57.6944803 12.0094482
57.6810401 11.9777794
57.6890229 11.9684115
57.6835948 11.9611236
57.734791 11.9418148
57.7397504 11.9027558
57.6787085 11.9833933
57.6584563 11.9347547
57.6319616 11.9453602
57.6318313 11.9453909
57.6220504 11.9463692
57.6152706 11.9421762
57.7412747 12.0573014
57.6919126 11.9918747
57.7078012 11.930679
57.7900089 11.9272342
57.8446443 11.9488653
57.8474403 11.9656549
57.588632 11.9402085
57.5867122 11.9391431
57.5823578 11.9429626
57.5820505 11.9425089
57.7771329 11.9940878
57.7697841 11.9923211
57.7691209 11.9921038
57.7647712 11.9928587
57.7599605 11.9894042
57.8541421 12.000783
57.8415812 12.0049359
57.8091486 11.9969298
57.8034447 11.9949128
57.7999158 11.991714
57.7765093 12.0209154
57.7830821 12.0341913
57.7845688 12.0370061
57.6832783 12.0081267
57.685339 12.0043836
57.7537317 11.9485978
57.7540747 11.9586057
57.7551883 11.9713111
57.7551865 11.9723973
57.7579548 11.9874976
57.7579945 11.9881309
57.7175849 12.0408119
57.7091866 11.9708722
57.648272 11.9342094
57.8045713 11.9746363
57.8079405 11.9764798
57.8098828 11.9788796
57.8102592 11.9829158
57.7894575 11.9906232
57.7916992 11.9912611
57.7982569 11.9902884
57.7873769 12.0021829
57.7745705 11.9986179
57.7702481 11.9978985
57.7644657 11.9947003
57.7590028 11.9956114
57.7584646 11.995236
57.7498602 11.996434
57.7497855 11.996434
57.734237 11.9870275
57.7088308 12.0014283
57.725462 12.0147232
57.7254617 12.0150329
57.801332 11.9121985
57.8066067 11.9096562
57.8072564 11.9093154
57.7906503 11.9258912
57.755431 11.971801
57.7610858 11.9674406
57.7614623 11.9681674
57.7632889 11.9770523
57.6218705 11.9363885
57.6170311 11.9393848
57.6170522 11.9395362
57.6307949 11.932018
57.7093698 11.9985449
57.8577844 11.9999882
57.8039594 12.0243979
57.7641026 11.9297541
57.7226596 12.011546
57.7224577 12.0157801
57.7206527 12.0178135
57.798922 12.2049693
57.7580703 11.9493511
57.7169181 11.9100197
57.6338809 11.9601917
57.6999652 11.952972
57.7056521 11.8495815
57.650819 11.939677
57.773162 11.9123256
57.7709817 11.9308734
57.7772478 11.9331071
57.8195487 12.2022459
57.5890942 11.9490952
57.590147 11.9490844
57.5927904 11.949557
57.6370096 11.9450179
57.6987716 11.8639435
57.6960591 11.8419579
57.6944252 11.8544079
57.746959 12.04815
57.7426472 12.053564
57.7612346 12.040732
57.749088 11.9387349
57.7533741 11.9393092
57.7524413 11.938515
57.7295437 11.9445975
57.5990775 11.9506161
57.5977739 11.9486305
57.7888325 12.0223231
57.7894632 12.0181031
57.788809 12.0224876
57.7895696 12.0323358
57.6012413 11.9557702
57.7092219 11.9667699
57.7071694 11.9694569
57.7065955 11.9689358
57.6640883 11.8517738
57.7082005 11.9382475
57.707782 11.9310086
57.7157768 11.9105511
57.5862264 11.9392407
57.6002367 11.9303619
57.5998637 11.9475747
57.6300104 11.9645839
57.8154794 12.0400634
57.6792831 11.8891792
57.7377746 11.799659
57.7402054 11.7902129
57.742993 11.7858852
57.7388134 11.7966183
57.7389594 11.7929037
57.7434393 11.7488113
57.7431654 11.7419719
57.7023137 11.9135543
57.7023761 11.9128132
57.7026917 11.8990507
57.8009807 12.0526051
57.6488743 11.8931363
57.6858382 11.9546963
57.7250482 11.81348
57.6972828 11.9915148
57.6988753 11.9699139
57.6999852 11.8097954
57.6896438 11.9527815
57.6968253 11.9863036
57.6967761 11.9872191
57.698162 11.9669343
57.7004569 11.9741954
57.7004526 11.9736913
57.7000809 11.9753498
57.7128282 11.990605
57.6857658 11.9644909
57.685357 11.9645064
57.6897412 11.9804309
57.6920476 11.9778993
57.6807187 12.0174452
57.7837589 11.9339552
57.7840478 11.9338506
57.6843153 11.9846923
57.6862871 11.9853686
57.7548603 11.9907775
57.7493849 11.9899286
57.7501392 11.9903287
57.7554991 11.9907173
57.7545464 11.9805094
57.7538732 11.9808696
57.8036689 12.0330547
57.7353479 11.9123193
57.7315503 11.9752559
57.7314507 11.9764466
57.731382 11.9765084
57.7312798 11.9804981
57.7464676 11.988733
57.7409157 11.9870832
57.7360838 11.9853691
57.6362508 11.9429186
57.6368996 11.944061
57.6406887 11.9411697
57.643163 11.9399751
57.7480522 11.9908716
57.7470099 11.9894435
57.7320092 11.975166
57.7168715 11.9295668
57.6770793 12.0259057
57.5660565 11.9431747
57.76792 11.9357977
57.748902 11.9333301
57.7437989 11.9526368
57.7002168 11.9510315
57.7107245 11.9649555
57.7550727 11.9616215
57.6812121 11.9461395
57.6897085 11.9832118
57.6924316 11.9798075
57.6920134 11.9801663
57.6906716 12.0069627
57.6970752 11.9996039
57.6943232 12.0025851
57.6922006 12.0084801
57.7231624 12.0099358
57.7078218 12.0072059
57.7081386 12.0078075
57.7085726 12.0073118
57.7087222 11.9930698
57.7089115 11.993052
57.7097433 12.0048562
57.7275326 11.9705478
57.7009141 11.7762203
57.7013006 11.7764559
57.7094923 11.8863971
57.7087146 11.8894588
57.7069347 11.7692916
57.6943822 11.948134
57.8085036 12.0486092
57.8087534 12.0516564
57.7489627 11.9543024
57.7475839 11.9535036
57.7475264 11.9509226
57.7466016 11.9514287
57.7494818 11.9497319
57.7577382 12.0361122
57.7566614 12.0359576
57.7614509 12.0418615
57.7531126 12.0328492
57.7530691 12.0327697
57.7608405 12.0512439
57.8049136 12.0686698
57.8047339 12.0740551
57.802418 12.0759525
57.7997247 12.0737829
57.8009878 12.0672086
57.8008849 12.0631887
57.8007343 12.062873
57.7993955 12.0560693
57.7991648 12.0563375
57.7326129 12.0227763
57.7324559 12.022776
57.7269706 12.0078546
57.7845741 12.0466366
57.7972522 12.0381809
57.8015986 12.0330762
57.7977095 12.0366859
57.8079081 12.0225543
57.8010508 12.0243497
57.8008276 12.0241994
57.8098688 12.032216
57.8083976 12.0225675
57.8161134 12.0333257
57.8181112 12.030707
57.8209348 12.033611
57.8085499 12.047241
57.8125003 12.0399059
57.8043463 12.0523206
57.8008088 12.0526571
57.8155023 12.0403568
57.8003858 12.0438152
57.7073083 11.973641
57.7539604 11.9475428
57.7532308 11.9478193
57.7549466 11.961817
57.7547114 11.9608961
57.7086529 11.9750317
57.7087148 11.9747835
57.7089116 11.977333
57.7155436 12.055239
57.7160332 12.0555007
57.7275542 11.971587
57.7272465 11.9701494
57.7208182 11.9521453
57.7207531 11.9438896
57.7128086 11.9903761
57.7210682 11.9536669
57.7211935 11.9543612
57.7208326 11.9545238
57.7206938 11.9535742
57.7206982 11.9523663
57.6352901 11.9325517
57.6349504 11.9314602
57.6297092 11.932314
57.673266 11.9125355
57.6648445 11.8973326
57.6498965 11.9492961
57.6481862 11.9394128
57.7488536 11.9543209
57.749249 11.9499962
57.7372672 12.0589407
57.67665 11.8980734
57.7745397 11.9988856
57.800303 11.9925521
57.7999193 11.9924033
57.8006853 11.990835
57.6487222 11.8531641
57.64847 11.8676849
57.756818 12.0734281
57.7505748 12.0725044
57.7682402 12.0238046
57.7684706 12.0225637
57.7515339 12.0477604
57.7448487 12.0494211
57.7619872 12.0703535
57.7476546 12.0719301
57.751746 12.047985
57.6996718 11.9521247
57.7000424 11.9521666
57.6973717 11.9505659
57.716068 12.0047579
57.7556217 12.0479582
57.7609272 12.0576346
57.7594032 12.0572229
57.7625654 12.0581375
57.7565684 12.0523828
57.7565611 12.0539182
57.7556318 12.0541149
57.7565811 12.0507582
57.7325837 11.8930787
57.7325588 11.8948585
57.6836057 11.9600268
57.7163154 12.0044071
57.6950786 11.9396672
57.6935838 11.9425311
57.6940463 11.9481305
57.6963045 11.9481132
57.7593454 12.0749495
57.7766384 12.0645153
57.7769821 12.0653802
57.7780314 12.0481358
57.7732232 12.0503411
57.772909 12.051365
57.7737695 12.0543879
57.7741012 12.0550339
57.7917974 12.0468873
57.7857581 12.0478882
57.7850036 12.0473586
57.778721 12.0482804
57.6982364 11.9823792
57.7159829 11.9104422
57.716103 11.9099312
57.7157931 11.9099594
57.7165233 11.910381
57.6572874 11.8821479
57.6589271 11.8869812
57.6609318 11.8875619
57.6550946 11.8709478
57.6548191 11.8731064
57.6591353 11.8873085
57.7144914 12.0475411
57.6346953 11.8972303
57.6346375 11.8968057
57.6341587 11.8885035
57.6378321 11.8731709
57.6790052 11.8901882
57.6807703 11.9016942
57.7783593 12.0403848
57.7684706 12.0226645
57.772589 12.0495054
57.7931761 12.0804234
57.7317681 11.7711938
57.6448358 11.8812611
57.6477816 11.8773827
57.6464076 11.8855977
57.6463086 11.8856125
57.701164 11.7702009
57.7022787 11.7775093
57.624745 11.900718
57.6314265 11.8994648
57.7617882 11.8088223
57.6196253 11.9002021
57.7272194 11.9649331
57.7275032 11.9698857
57.7265956 11.9605738
57.7228809 12.0256
57.7228483 12.0254527
57.722213 12.0478202
57.7222607 12.0479884
57.7224186 12.0475625
57.7303789 12.0338085
57.7274692 12.0302769
57.7272645 12.0291176
57.7244639 12.0259522
57.7240595 12.0260536
57.7293571 12.0138365
57.7306022 12.0336439
57.7226143 12.0470344
57.7211437 12.051769
57.7206474 12.0526152
57.7199681 12.0553398
57.724731 12.0411449
57.7234249 12.034638
57.7238594 12.0351632
57.7243731 12.0424993
57.6433577 11.9168909
57.782233 11.8621911
57.7444781 11.8920507
57.7311193 11.9188924
57.7403355 11.9027098
57.7398535 11.9037788
57.6555114 11.8770765
57.6518829 11.8683947
57.664357 11.8741543
57.7143591 12.0395509
57.6835154 11.890095
57.8074491 12.1865188
57.8069355 12.1805577
57.8048628 12.1690043
57.8029679 12.1594639
57.7515645 11.8644613
57.7215616 12.0584112
57.7213794 12.0588085
57.7211866 12.0598629
57.7212894 12.0600991
57.667886 11.8534848
57.6607645 11.8431345
57.6964865 11.8183252
57.6805914 11.9011141
57.7050151 11.9129741
57.7091231 11.9183594
57.7127871 11.9159234
57.7108515 11.9428883
57.7127114 11.946149
57.6617148 11.8952846
57.6521254 11.9089969
57.7079998 11.9379093
57.6823948 11.9876342
57.6796447 11.9905903
57.648906 11.9346036
57.7521675 11.9174369
57.7521465 11.9173211
57.7560513 12.0108545
57.7595916 12.0107944
57.7606329 12.0112485
57.7626589 12.0103308
57.7636469 12.0104163
57.7488595 12.0102806
57.7493792 12.0105351
57.7525032 12.01117
57.753549 12.0111716
57.7568397 12.0107217
57.732544 12.0071851
57.7323507 12.007194
57.7419684 12.0067981
57.7431487 12.007058
57.7719379 12.0317713
57.7724497 12.0351591
57.772715 12.0363383
57.7728757 12.0405907
57.7727729 12.0408456
57.7716887 12.0306201
57.8046723 12.1683266
57.806836 12.1801438
57.7974829 12.1440858
57.8008994 12.1546277
57.8009496 12.1547265
57.8033209 12.1606012
57.7922388 12.1291263
57.7921904 12.1289571
57.7935469 12.1335168
57.7939163 12.1343881
57.797295 12.1432612
57.7881438 12.0956634
57.7911361 12.1134333
57.7911603 12.1130692
57.7832299 12.0841301
57.7832091 12.084077
57.7855795 12.0899844
57.7858903 12.0908167
57.7883902 12.0962001
57.7721368 12.045954
57.7896581 12.0174651
57.7874563 12.0109372
57.7679176 12.007453
57.707492 11.7554312
57.7087519 11.7453472
57.7077747 11.7533702
57.7093067 11.7660654
57.7347349 11.9420629
57.7323574 11.9425394
57.7322315 11.9424966
57.7307959 11.937512
57.7308357 11.9376556
57.7544105 12.0766986
57.7610627 12.0604782
57.7503567 11.928448
57.7510558 11.9284883
57.7500242 11.9482755
57.7174096 11.9450133
57.7664699 11.9496899
57.7275895 11.9392319
57.727551 11.9401675
57.7420936 11.9403388
57.7418621 11.9401994
57.754124 11.9284273
57.7580488 11.9244549
57.7604965 11.9374448
57.7598025 11.9376862
57.7735143 11.9045722
57.7273261 11.9352196
57.7478241 11.9387403
57.6741018 11.9365276
57.7179841 12.0278305
57.7179684 12.0184007
57.6402213 11.9513852
57.7484123 11.9378532
57.6362778 11.9517308
57.6366651 11.9509024
57.6336346 11.9624709
57.6330858 11.9630082
57.7458547 11.9774069
57.7432033 11.974728
57.7389356 11.9736751
57.7430675 11.9747944
57.7390628 11.9738502
57.7460537 11.9774239
57.6786493 11.9694916
57.7115417 11.9062185
57.7821567 11.8620674
57.7796921 11.8598114
57.7798212 11.8598659
57.776085 11.858081
57.7214654 11.9343764
57.7214395 11.934566
57.7310369 11.91072
57.7339728 12.0306145
57.7360592 12.0544445
57.7348623 12.0445335
57.7349324 12.0457484
57.7276438 11.93627
57.6848935 11.9059648
57.7205329 11.8480909
57.7199453 11.8471956
57.7187719 11.823583
57.7187695 11.841921
57.7310825 11.7793266
57.7309989 11.7626828
57.7297688 11.7604016
57.731469 11.7635704
57.5714839 11.9447129
57.5707452 11.9441065
57.5776236 11.9410783
57.7325237 12.0246107
57.7093277 11.9708972
57.7094357 11.9704586
57.6743025 11.9358819
57.7292315 12.0137267
57.7291018 12.0132691
57.7164863 12.0046939
57.7162948 12.0045331
57.7181755 12.0199858
57.7076976 11.9731978
57.7070566 11.9685434
57.6973102 12.0002877
57.7117727 11.7234197
57.7088682 11.7439353
57.7100471 11.7357723
57.7107463 11.7147288
57.7100486 11.7742038
57.7148794 11.7824989
57.7098007 11.7374525
57.7106678 11.716673
57.714802 11.7827616
57.7142144 11.7831881
57.7144955 11.7829865
57.7147016 11.7827092
57.7143166 11.7833143
57.7176941 11.8192099
57.7177176 11.8206889
57.7162293 11.7918732
57.7138095 11.841163
57.7146243 11.7830459
57.6864818 11.9857131
57.7097753 11.9712087
57.709594 11.9713317
57.7115488 11.8418171
57.716292 11.7913064
57.7013673 11.9492645
57.7287822 11.7796171
57.7191903 11.7729236
57.7065356 11.712923
57.7269813 11.7735376
57.7048692 11.7114728
57.7287178 11.7521646
57.7186794 11.7740612
57.7295998 11.7608884
57.7283677 11.7780872
57.7307824 11.7805514
57.6937734 11.9739374
57.7209971 11.9548049
57.7065544 11.8983526
57.7192374 11.9267176
57.7196352 11.9279305
57.7202892 11.9447078
57.6764927 12.0255397
57.7146425 11.9993771
57.7146209 11.9987871
57.6742453 11.9359754
57.674192 11.9367291
57.6744169 11.9371108
57.7570129 11.8833644
57.6738042 11.9360624
57.6744151 11.9368873
57.6583948 11.9356599
57.648424 11.9339119
57.6489428 11.9333363
57.6484385 11.9332589
57.6397881 11.9321781
57.635665 11.9316814
57.6388129 11.931891
57.6975581 11.9788814
57.697663 11.9789378
57.6796163 11.9908049
57.6896122 11.9804489
57.6865948 11.9831634
57.6866816 11.9830879
57.6828013 11.987357
57.684645 11.985088
57.6846326 11.9841608
57.7025273 11.9636039
57.7104494 11.9645188
57.7269328 12.0380133
57.7332578 11.9151332
57.7337744 11.914252
57.6963552 11.986972
57.7004651 11.9748851
57.6986198 11.9815398
57.8580397 11.9988464
57.689503 11.9248555
57.6927852 11.9183288
57.7067007 11.9697899
57.7128533 11.8933031
57.7405639 12.07639
57.7091497 11.966751
57.7090036 11.9709687
57.7097057 11.9721155
57.7097625 11.9720831
57.7208769 11.9548644
57.7885867 11.8334411
57.7241933 11.9348018
57.7381675 11.8992853
57.7385449 11.900323
57.7330441 11.8957938
57.7214834 11.9453058
57.6677637 11.9353435
57.7789598 11.8284215
57.6646994 11.9402023
57.6612215 11.9387978
57.696899 11.9708009
57.698905 11.9704696
57.6991038 11.9694546
57.6995774 11.969249
57.6922921 11.9776389
57.7042356 11.9636653
57.7043128 11.9636912
57.7024397 11.9649404
57.702455 11.9649854
57.7025866 11.9639739
57.69289 11.9734895
57.6932788 11.97335
57.7038838 11.9697196
57.704148 11.9697692
57.7207264 12.0173415
57.6926383 11.9870285
57.6902595 11.9882327
57.690623 11.9881967
57.6777984 12.0040102
57.708889 11.7813013
57.6477305 11.8788604
57.6528274 11.8691438
57.6401649 11.9001601
57.6498993 11.954835
57.7076729 11.9674403
57.6698897 11.8973356
57.7182732 12.0166589
57.7108233 12.0138407
57.7111407 12.0140562
57.713545 12.0126087
57.7140019 12.0057886
57.7083594 12.0117252
57.7177841 12.0342725
57.7167118 12.0050671
57.6805228 11.9030554
57.7320669 11.9589547
57.7346647 11.9575801
57.7349425 11.9574675
57.7283144 11.926967
57.728523 11.9255617
57.7352412 11.9124377
57.7100221 11.7730019
57.6964235 11.9513313
57.7166393 12.0410817
57.6453752 11.8818441
57.6391472 11.8811622
57.6420852 11.8807734
57.6968295 11.9868341
57.7071234 11.9875953
57.6344747 11.8909028
57.7031694 11.7701511
57.7063671 11.7693177
57.7199431 11.9450166
57.7024572 11.9749208
57.6629355 11.8780115
57.6609107 11.8877258
57.696098 11.9712439
57.766597 11.9498887
57.6362212 11.8789358
57.6768869 12.0399078
57.6971915 11.990953
57.6889619 11.968208
57.6836601 11.9613507
57.7160527 11.9104407
57.7161241 11.9104249
57.7161963 11.9104249
57.6916782 11.9920904
57.6854435 11.9546795
57.6735201 11.9123061
57.673551 11.9128198
57.7106936 11.9426139
57.6757075 11.9130613
57.6640011 11.8516451
57.6944764 11.9198652
57.6916514 11.9155047
57.6987397 11.8946126
57.6994826 11.897647
57.7002778 11.9043917
57.6996088 11.8974596
57.6998859 11.8976714
57.7022613 11.898821
57.7575189 11.9911737
57.7098139 11.9720538
57.7098703 11.9720216
57.7099264 11.9719896
57.7099874 11.9719548
57.7100477 11.9719204
57.7100996 11.9718908
57.7101612 11.9718557
57.7102213 11.9718214
57.7102771 11.9717896
57.7103364 11.9717557
57.7103882 11.9717262
57.7104509 11.9716904
57.7105121 11.9716555
57.71057 11.9716225
57.7106248 11.971588
57.7106937 11.9715519
57.7225386 11.7676887
57.7224414 11.7673727
57.6962187 11.9870225
57.696469 11.9872672
57.6969582 11.9868086
57.7067336 11.9665431
57.7068641 11.967359
57.7077562 11.9675971
57.7584415 11.9924394
57.7381254 11.8996471
57.7561393 11.9199273
57.7566573 11.9196939
57.7154176 12.0532189
57.699226 11.8937374
57.6569773 11.8968838
57.6582608 11.8954514
57.6520749 11.9096844
57.6728163 11.896652
57.661854 11.8966958
57.6898564 11.9125064
57.6899347 11.9124334
57.7047606 11.9017366
57.653325 11.9035422
57.6537552 11.9016532
57.7067474 11.9043492
57.6607779 11.9343886
57.6473187 11.9393221
57.6336342 11.959479
57.641442 11.9504279
57.669489 11.9370128
57.6415224 11.9424809
57.6573489 11.9330851
57.6499887 11.9302856
57.6503363 11.9303683
57.640644 11.9514021
57.6640663 11.9349965
57.6530842 11.9319175
57.6673902 11.9353991
57.6751595 11.9190905
57.6752679 11.9190573
57.7128312 11.9305871
57.7202076 11.9056786
57.7210537 11.9040664
57.7237078 11.9014485
57.7289729 11.9037652
57.729401 11.9046552
57.7572491 11.967904
57.7579918 11.9673288
57.763166 11.9723667
57.7576708 11.9875657
57.7577149 11.9880551
57.7577412 11.9864623
57.757759 11.9885681
57.7550058 11.962185
57.6520587 11.9101481
57.6520675 11.9099963
57.6520686 11.9098423
57.6520803 11.9095495
57.6520809 11.90939
57.6520891 11.9092393
57.6520973 11.9090962
57.6762986 11.8772498
57.6496031 11.9195372
57.6257282 11.93427
57.5749954 11.9422346
57.5998026 11.9522174
57.6263994 11.9341169
57.6208078 11.9372098
57.6808156 11.9015919
57.6807426 12.0173904
57.685919 12.004194
57.6803408 11.9017347
57.6809859 12.0120443
57.7183239 12.0108939
57.7027047 12.0037279
57.704819 12.0061888
57.7109592 12.0070923
57.6986792 11.998949
57.698765 11.9990533
57.7228368 12.0119414
57.701034 11.9494555
57.7432221 11.767433
57.7438503 11.7752304
57.7439456 11.7560927
57.7371364 11.7994133
57.7434938 11.7494181
57.7419697 11.7357114
57.7441558 11.7779952
57.7397816 11.790365
57.7332693 11.7899923
57.7312653 11.7857137
57.7502645 11.8285795
57.7506615 11.8287721
57.7479079 11.8808604
57.7481549 11.8798951
57.7425727 11.8186304
57.7544634 11.830369
57.7394016 11.8076203
57.7431793 11.8236976
57.743189 11.823102
57.7580821 11.8310633
57.7581479 11.8315364
57.7583272 11.8310397
57.746001 11.8283823
57.7259477 11.9455669
57.7264677 11.9457181
57.7562826 11.8424068
57.7500124 11.8747281
57.7505642 11.8732909
57.7696587 11.9973133
57.7650406 11.9949237
57.7777797 11.9991366
57.7942301 11.9908891
57.7943596 11.9908947
57.7922834 11.99128
57.7868417 12.0024294
57.7958795 11.990758
57.7964566 11.9907309
57.7890223 11.9904545
57.8097659 12.0319766
57.7811755 12.0356607
57.8029524 11.9942477
57.8113048 11.9884974
57.7654559 11.9926822
57.7781058 11.9941067
57.6812373 11.9652397
57.6816902 11.9650693
57.7818748 11.9942752
57.7828656 11.99439
57.773107 11.9939145
57.7740501 11.9940205
57.7853933 11.9939741
57.7860616 11.993796
57.6550514 11.9394379
57.6556094 11.9398323
57.6155599 11.9421585
57.6580014 11.9396939
57.6584904 11.9395991
57.6801733 11.945685
57.651168 11.9395028
57.6603764 11.9391361
57.6124123 11.9411766
57.6016785 11.9475577
57.6652657 11.9400096
57.661754 11.9386356
57.5999629 11.9475973
57.6263585 11.9451853
57.6063422 11.9465619
57.6065602 11.9465605
57.761618 12.0706962
57.7071955 11.8814005
57.7254619 11.85685
57.7257299 11.8571929
57.7282076 11.860449
57.728313 11.8606572
57.7280175 11.866049
57.7171192 11.840997
57.7232956 11.8495535
57.7235463 11.8500177
57.5997537 11.9303164
57.599806 11.9362509
57.7060226 11.8147958
57.697981 11.826091
57.6977465 11.8150995
57.6991663 11.82112
57.7030886 11.8182097
57.6977063 11.8551712
57.7043461 11.8400012
57.6986075 11.8834485
57.7015583 11.8296996
57.701834 11.8301786
57.7025541 11.8096329
57.7273187 11.9444267
57.7819773 12.0291387
57.7820479 12.0294585
57.78941 12.0889918
57.7834826 12.0357422
57.7745559 12.0627037
57.7758487 12.0641712
57.7736953 12.0573324
57.7758704 12.0212568
57.7681171 12.0235634
57.6904845 12.0048431
57.6905865 12.0049052
57.562184 11.9473732
57.7105922 12.0071406
57.693962 11.9730751
57.6875109 11.9967999
57.6868033 11.9973228
57.6790636 12.0038322
57.7068068 11.9670159
57.6542811 11.9039762
57.6592272 11.8720302
57.6458115 11.8609844
57.6602954 11.8723078
57.6579611 11.8992765
57.6621079 11.8807362
57.8152341 12.1890776
57.8110567 12.1754108
57.8165085 12.19285
57.8166627 12.1932887
57.6937145 11.9405442
57.6956687 11.9418718
57.6957462 11.9422764
57.696949 11.927039
57.6971583 11.9276101
57.7021313 11.9746088
57.7022572 11.9743475
57.6729544 11.8966409
57.6650185 11.8973343
57.7066253 11.9042679
57.7046626 11.9015967
57.6547751 11.8728649
57.6549296 11.8709725
57.6456068 11.8612137
57.6541686 11.904158
57.6620369 11.8810681
57.6643566 11.8738686
57.6482869 11.8677277
57.6631596 11.8774755
57.6950779 11.9389214
57.6951718 11.9392391
57.6591073 11.8870037
57.6972429 11.9994305
57.6944192 12.0024865
57.7021905 11.9751886
57.7028864 11.9749518
57.7294778 11.9446387
57.6808727 11.9015675
57.6414437 11.9506343
57.648809 11.9351673
57.6497188 11.929083
57.6497289 11.9289487
57.7094115 11.9985777
57.681086 11.9780562
57.6791342 11.9751777
57.689472 11.952745
57.6792563 11.9729056
57.6785574 11.9696444
57.7616531 11.9497396
57.7617787 11.9497617
57.7605444 11.9493446
57.760571 11.9494233
57.7322233 11.9588824
57.7583873 11.9489374
57.7385709 11.9557104
57.7431272 11.7424025
57.7074058 11.8814021
57.7279356 11.8662056
57.7216392 11.8640668
57.7216983 11.8643246
57.7129131 11.893364
57.6979825 11.8262834
57.6977737 11.855169
57.7998715 11.9924499
57.7182614 12.0110753
57.7025324 12.0035203
57.7223866 12.0158771
57.7183858 12.0168557
57.8111688 12.1757007
57.8001426 11.9915976
57.8089836 11.9969574
57.7025997 11.9725358
57.7223973 12.0473118
57.7333064 12.0301054
57.7334677 12.0299971
57.8580143 11.9988694
57.819223 12.2015324
57.7910828 12.0805141
57.7912022 12.080438
57.6693439 11.9369735
57.7277244 11.9347022
57.7286702 11.9354308
57.7183351 11.8409281
57.6498827 11.9478785
57.6495672 11.9417254
57.6496262 11.942458
57.6927215 11.922631
57.6929284 11.9224794
57.6750418 11.8802314
57.6751447 11.8799792
57.6927405 11.9184343
57.6689871 11.8717432
57.6694223 11.8721528
57.6775749 11.8709912
57.677706 11.871078
57.6762351 11.8774603
57.6802778 11.8797077
57.6806047 11.881438
57.6796722 11.8740406
57.6797015 11.8743351
57.6478452 11.8725702
57.6478522 11.8713395
57.6502334 11.8983044
57.6470031 11.8898655
57.6474202 11.8902688
57.6488408 11.8935353
57.657192 11.8819006
57.6438198 11.9555615
57.6246652 11.9007614
57.6431995 11.9167957
57.6365705 11.9078412
57.6370777 11.9091845
57.6308346 11.899681
57.6268627 11.9004469
57.6278383 11.9003579
57.6459305 11.9172433
57.6336967 11.8985027
57.6341493 11.8985574
57.6401941 11.9149934
57.6404149 11.9151283
57.6327682 11.9178706
57.6328053 11.9177635
57.631977 11.9226166
57.6348824 11.9154245
57.6354923 11.9148889
57.639275 11.8811836
57.6416021 11.8808939
57.6367409 11.8801241
57.6730265 11.8831212
57.6736217 11.8823275
57.6742426 11.8824233
57.6678604 11.8609815
57.668847 11.8700257
57.6673122 11.8534994
57.660783 11.8435299
57.6607987 11.8432035
57.660843 11.8432399
57.7060323 11.8152677
57.6964806 11.8179744
57.7003007 11.8097762
57.6977416 11.814836
57.7053491 11.8485028
57.7057921 11.8510947
57.6986423 11.8927985
57.6990527 11.821124
57.7028055 11.8185271
57.6988464 11.8653603
57.7040121 11.8385954
57.6986947 11.8814758
57.7026727 11.8096248
57.696096 11.842165
57.696305 11.932905
57.6965065 11.9327895
57.7295494 12.0508961
57.729594 12.0515293
57.7235304 12.0096895
57.7269447 12.0397727
57.676882 12.0401334
57.7514984 11.8655867
57.7626094 11.8324437
57.7629203 11.8316084
57.787157 11.8332744
57.787217 11.8333396
57.7631383 11.8117888
57.7631445 11.8119663
57.781401 11.8323114
57.781468 11.832306
57.762853 11.8347685
57.7630605 11.8365683
57.7699123 11.8240118
57.7699869 11.8240608
57.7788882 11.8282812
57.7634342 11.8207661
57.7634517 11.8209577
57.7642887 11.826451
57.7644836 11.8277149
57.7648929 11.8268825
57.7842151 11.8315914
57.7843023 11.8316236
57.7771005 11.8283443
57.7771405 11.8281969
57.7484682 11.9396469
57.7620457 11.9346707
57.7624513 11.9334131
57.7671125 11.9311132
57.7672013 11.931157
57.7718013 11.9223037
57.7718671 11.9217753
57.7749194 11.8915224
57.7749809 11.8932688
57.7757084 11.8921311
57.7708129 11.9301626
57.7708887 11.9295752
57.7712778 11.9309217
57.7900381 11.9253887
57.7907411 11.9277049
57.772634 11.9160041
57.7727123 11.9154899
57.7735225 11.9043568
57.7738392 11.899413
57.7738672 11.8990397
57.7731972 11.9120985
57.7645866 11.9297176
57.792781 11.9116339
57.7928407 11.9118894
57.7951886 11.91268
57.7956825 11.9126469
57.8126663 11.9064416
57.8127033 11.9064215
57.8155873 11.9090212
57.8157341 11.9090398
57.8179838 11.9091743
57.8190227 11.9093248
57.8036332 11.9113156
57.8041169 11.911106
57.8019555 11.9120188
57.8024983 11.9135129
57.7859037 11.8786736
57.7859509 11.8788055
57.7927581 11.9016604
57.7928073 11.9009186
57.7727923 11.8547891
57.7729099 11.8549526
57.7759883 11.8580385
57.7693532 11.850054
57.7697941 11.8510713
57.7657588 11.8407619
57.7660785 11.841411
57.7905091 11.8864508
57.7907026 11.886788
57.7926907 11.8920381
57.7927345 11.8924098
57.792358 11.9076793
57.7924408 11.9063203
57.7877368 11.9267884
57.7880635 11.9266756
57.7773289 11.9330646
57.8170598 11.8931416
57.8171115 11.8927238
57.8180885 11.8851679
57.8181099 11.8850091
57.8178089 11.880503
57.8234007 11.9111136
57.8239836 11.9114342
57.8306323 11.9171783
57.830833 11.9173282
57.8278198 11.9136512
57.8402655 11.9325632
57.8404168 11.9332338
57.835552 11.9214832
57.8356137 11.9215983
57.8431893 11.9431741
57.847436 11.9649804
57.8445397 11.9483721
57.8486258 11.9705405
57.849428 11.9715361
57.8517194 11.9760579
57.8518574 11.9768494
57.8344265 12.0046891
57.8345992 12.0046422
57.8576519 11.998153
57.8579675 11.9974594
57.8548595 11.9865359
57.855001 11.9866364
57.8456665 12.0024516
57.8457795 12.002369
57.8198022 12.0006816
57.8200285 12.0007979
57.8411804 12.0050173
57.8296662 12.0041272
57.8298947 12.0041762
57.8543568 12.0005797
57.8240511 12.0027646
57.8242125 12.0028545
57.7238004 11.9780922
57.7239627 11.978599
57.7221174 11.9713392
57.7221428 11.9714601
57.7209394 11.9647435
57.7209617 11.9649045
57.7213422 11.9675737
57.7213635 11.9677036
57.7228083 11.9745497
57.7229706 11.9753436
57.7237534 11.9825295
57.7239086 11.9821897
57.7255653 11.9869811
57.7257594 11.9872167
57.7343122 11.9870549
57.7574635 11.9951538
57.7575481 11.9951387
57.7379908 11.9899778
57.7380333 11.9895692
57.738627 11.9931908
57.739001 11.993297
57.7515272 11.9961884
57.7519964 11.9961018
57.7418068 11.9940828
57.7419088 11.994115
57.7466349 11.9956031
57.7475917 11.9958427
57.7446009 11.9949804
57.7447091 11.9950135
57.7551713 11.995556
57.7558225 11.9954458
57.7177081 11.9793979
57.7177756 11.9795353
57.7193641 11.9843991
57.7193937 11.9845014
57.7163071 11.975013
57.7163373 11.9751167
57.7137471 11.9702294
57.7141761 11.9715225
57.7405227 12.0769986
57.7406464 12.0767991
57.7392375 12.0691242
57.7394709 12.0705905
57.7228627 11.9934743
57.7233267 11.9938001
57.7287879 11.997672
57.7288141 11.9976905
57.7239516 11.8559882
57.7240378 11.8558563
57.7180548 11.8409377
57.7236267 11.8934601
57.7237476 11.8934395
57.7678738 11.9358098
57.7557982 11.8773927
57.7566145 11.8779767
57.7607198 11.8839491
57.7554825 11.892122
57.7270827 11.8937158
57.7271458 11.893731
57.7194798 11.8949048
57.719821 11.894563
57.7498732 11.8737783
57.7507025 11.8741714
57.7875269 12.0030307
57.7187576 11.827422
57.7188429 11.8272171
57.6967307 11.960343
57.6966353 11.960273
57.7956264 12.0486168
57.7959019 12.0489962
57.7959782 12.0490543
57.7960535 12.0491052
57.7961275 12.0491466
57.7962034 12.0492019
57.7962773 12.0492421
57.7963512 12.0492823
57.7964251 12.0493225
57.7430848 12.0289918
57.7432312 12.0299042
57.7512748 12.0632503
57.7313054 11.8463963
57.725312 11.8466928
57.7254809 11.8465773
57.7203446 11.8277475
57.7215473 11.8268371
57.7301448 12.0387089
57.7301783 12.0388918
57.7264442 12.0241381
57.7264623 12.0242614
57.7326205 12.0534077
57.7326283 12.0535442
57.7310936 12.0438892
57.7312309 12.0446385
57.7894434 12.0325177
57.7046674 11.8750137
57.7269699 12.0076652
57.7192476 11.8201049
57.7598429 11.989255
57.7974735 12.2068462
57.8026073 12.2001972
57.8026548 12.2001475
57.5968588 11.9211541
57.5976836 11.925193
57.5977734 11.9253972
57.7072501 11.985619
57.6763663 11.8976621
57.7072857 11.9677442
57.7274483 11.9352341
57.5885508 11.9403681
57.6970543 12.0042324
57.6962802 12.0064875
57.6784647 11.9010322
57.6785473 11.9010164
57.708765 11.7818002
57.709447 11.7798503
57.7096784 11.7801193
57.709599 11.7794569
57.7096572 11.7793063
57.7098164 11.7797767
57.7098716 11.7796398
57.7097874 11.7789692
57.710002 11.7793158
57.7322723 12.0238666
57.7026186 11.859937
57.6671391 11.8623031
57.7181391 11.9592035
57.6973583 11.907819
57.7129153 11.9305281
57.7169909 11.9297066
57.7069428 11.9219698
57.707048 11.9221366
57.7145191 11.927805
57.7029949 11.919651
57.7032021 11.9196828
57.7744544 12.0623683
57.7760433 12.0639728
57.7737612 12.0570517
57.6899364 11.9732192
57.6899205 11.9726445
57.6498652 11.9570857
57.8303064 11.9912414
57.6947713 11.9464059
57.6946882 11.9464304
57.6457198 11.9171109
57.7056389 11.9574237
57.7057066 11.957362
57.7058313 11.958015
57.7059543 11.9580576
57.7105174 12.0237152
57.7106837 12.023848
57.6893562 11.9732546
57.7070404 11.9385558
57.6862793 11.97672
57.7068956 11.9372063
57.7235531 11.9015343
57.7122388 11.896229
57.7123142 11.8964695
57.7012279 11.9538425
57.700871 11.9539424
57.7630326 11.8363094
57.7331751 11.8876475
57.7470216 12.0305532
57.7472378 12.0300297
57.7276373 12.003125
57.7276502 12.0031451
57.7296045 12.0043669
57.729686 12.0034565
57.729699 12.0040235
57.7298757 12.0028771
57.730155 12.0067634
57.7309863 12.0071362
57.7564219 11.8409403
57.7629013 11.8349616
57.6131796 11.9405168
57.6432849 11.9548805
57.7087057 11.7018663
57.7085991 11.7025864
57.727846 11.93443
57.7212269 11.9451671
57.7087171 11.7021521
57.7085461 11.7023535
57.7087199 11.702431
57.7170548 11.8409999
57.7355698 11.8699852
57.7385788 11.8581704
57.7384962 11.8583357
57.7219181 11.841641
57.7218352 11.8413324
57.7024733 11.8597895
57.7129268 11.9905111
57.7130442 11.9907733
57.7132193 11.9909149
57.7102168 11.9714859
57.7225345 11.767315
57.6414212 11.9546438
57.6414224 11.9543964
57.7222544 12.0489322
57.7477167 12.071747
57.7937109 11.9128119
57.793444 11.9128349
57.7497299 11.9809123
57.6454637 11.8991385
57.6453306 11.8990057
57.6482649 11.9029824
57.7115517 11.8403417
57.7114856 11.8403901
57.7126117 11.8427013
57.7120105 11.8416371
